0.600831018262833
0.3954891568958198
-0.5713491663720043
0.08810834013004926
0.8028523653108777
-1.184113685081358
0.6892878030883643
-0.2827073293139463
0.8928476036843785
-1.662421414847912
-0.3281152898497061
0.9807926077365635
1.5322949461763002
0.6077823927809943
0.07072753465948356
0.3693307550834107
0.7363753238686632
0.25534483913719397
0.48011749697871947
-0.8500686790710111
-0.5265198757028827
-0.23777517324305178
0.027917622862132317
-0.02658196973790805
-0.2534202986985226
0.4381550097771151
1.3307197193464497
0.6071728716626159
-1.6862084215690418
-0.6966498930565691
1.8393131242081848
0.15727112364109874
-1.7245014742226754
2.1112986200981445
0.49699005780348593
-0.9439606711811243
0.9188177597623857
-0.1443417665948615
0.11191893881528016
0.13004506343310523
-0.6552632028645816
-0.3588060212610895
-0.22197065405518115
-1.4027614023490973
1.2534376698666478
0.8082554197186624
-0.03499049161491913
1.94104763135271
-1.0946854453250479
-0.8508764539825664
1.6500674157404691
-1.098348960857818
0.7027062728145569
0.22774769733141842
1.782742919958775
-0.48573344256781736
0.6286115026311332
0.659654014735327
-0.9112503109813072
0.003959119024067385
0.1664545426644532
0.9031135503505388
-1.2491987584472737
-0.13143425913899964
-1.5703756720792368
0.1266293649479315
0.402764703130612
0.6541890878312433
-0.8765471515993447
0.3323993128644859
0.13839445610078138
-0.3024706732337194
-0.8161197646443897
0.08853529692055254
-1.095783233165052
-0.5207652495995779
-0.4730064118359603
0.42137938345508796
-0.01155343709062762
-0.030932811019563425
-0.09788952254226459
-0.3913267029762902
1.322755126427293
0.3484444827130019
-0.6253795071547307
-0.5594976854118138
-1.975576070794939
0.2219476021608207
0.4450227229936121
1.6096369228994296
0.9856454583535715
-0.5851256070971992
0.8451910983703541
-0.7101852414095562
-1.3453640317498292
-0.9250303937074694
-1.1744329166584415
0.39152633102334095
0.1416165848008596
1.8334126157557886
0.4634096076835999
-0.013159757209390296
0.21667481274331823
-0.24129829785161203
-2.15792306592513
-1.1656436096844398
-1.6928551763059494
1.4895999890888152
-0.8091515448997894
0.47449346369891404
-0.10009680524890924
-0.008489447219137938
0.36201572807734894
1.7537361463842467
1.0896386791547685
0.34807524569211684
-0.03323459718313114
-0.005104301319553174
0.8868370691409355
-0.630952893086835
-0.31336966891988954
-1.3551259301336227
0.26443350601691845
-0.27704368422601455
-0.6131366628552486
-0.797708442733054
-1.8431474926517815
0.7227091313150388
-0.8288848764353262
0.5712405870325278
-0.7450643060793455
2.9516264828990764
0.5293205938125455
0.07398792612280801
0.8810389654416924
-0.11059001090142591
2.9700077536772147
0.5896559966599724
0.32430506993214897
1.4334969811671983
-0.2214506138715523
-0.25504764035316163
0.3942117817667021
0.5935634445198137
-1.4007973315019793
0.6962905682586887
0.35132778095439365
2.1421995595998373
-0.08954962714766482
0.2832800179811325
0.09681207361406495
0.052579656570037096
1.3157799935433223
0.5209230093207103
1.9161546178472508
0.11997513933534994
-0.2502950403085249
-0.23309941291579026
0.22519086150246384
-1.3462363829344055
-1.084901946936539
1.2490002123847292
-0.6738619948319688
-0.03738517247882718
-1.6248831340691197
1.2418047126751124
-0.9917079723217997
0.5463970319705828
0.07739790234348362
1.0490687223039121
-1.8995373665124007
-0.11418898920331755
-1.548840192166451
1.2443099201057664
-0.9565537842020583
2.2661349124569585
-0.2136442517774997
-0.3822616797334231
-1.316305441602653
-0.7584310422372298
-0.8489567181538205
0.45074133141598915
1.7903428282153906
-1.6347154511041888
0.5140537443146532
1.827858881248674
2.278776193148417
-0.3677389643211193
-1.0374228332643944
0.3553593917070652
0.12492420444671955
-1.7893659515522657
-0.49141356992538543
-0.8490207560359413
1.2355031455063932
0.5453953498844355
2.3577545218489724
-2.131241527596806
0.01678531030679146
-0.4850544560423172
0.40705505599975544
2.1978822652845174
-1.1599304453080368
1.122077484031372
-0.19331251255658438
-0.023992746438312115
0.07206944108858027
-1.0407103726370666
1.0554314695284586
1.937746035636583
-0.10486793596339394
-0.31155670934429164
1.6801956734792245
1.0044045874994112
0.2756403082119645
-1.0942597313565268
-1.3488485197323548
-1.4113335384523171
-0.06205730963003711
-0.2691932073374753
1.066869812296751
-0.5348512353984198
-0.16139478228731152
0.4535300592916291
2.45112562359655
-0.06769222949013175
1.9712009486447681
1.7525181351697228
0.24341317894449954
-0.326800762222077
-0.39486316069847116
0.8215834312119459
-0.3022618593727274
-0.8265204475948486
0.1657662137531471
-0.5739949801336701
0.3472204625118032
0.9481268145834603
-0.7896604125896985
-2.308724281775195
-0.594320252948072
0.32665923845360656
1.7243158147152444
0.8756086665142807
1.4343732190358853
0.6148014665450802
0.3858431481996245
-1.235090788669365
0.8163880998887698
1.4555644514251957
0.5200850607908413
0.4945899695231678
-1.0556784249239521
0.34151244432279815
-1.5292871192903676
1.043088971554139
1.7029370793852776
-1.5059245720490608
-1.1286675093942113
-1.1844584592501157
0.5006017331625956
0.25604664859108517
0.3028879522327809
0.11643595178980247
1.0894843225412063
0.6339112761320517
0.5905091779844773
0.8429911916751606
0.38218340552234653
-0.11917859734037523
-0.12246984606764398
-0.7300883203973781
-1.1956608842831715
-0.26917026704402053
-1.6718793561866507
-1.4789806080045687
-0.23909002021828613
-0.1600719616218706
-1.877436899461469
0.24030293935036212
0.16991743369137471
1.673068118213178
0.6686704255344891
-0.6755254128126699
-1.4127256969841961
1.1605019718636185
0.0814738295548313
0.5008044032042241
0.04161815130888953
-1.4896788607153435
0.02651422057107915
1.5863262195000813
-0.9948024293395457
0.20525034095919686
0.5544983565647089
-0.35808312612579707
1.0360442961010432
0.27437413892225043
-0.27007866165378575
-1.4839016953253512
-0.8947783017468892
-0.9968092227898414
0.2058472359557247
-0.19701552617323909
-0.4367841141931923
0.42232806799100486
-0.8729011343397558
-1.0848219600626279
-1.9926841415765622
0.3251351357762222
0.06801056723092255
-1.1692208341820418
-0.2738123507942764
0.4021435230475982
0.8521654411371561
-1.5299326289073238
-1.3581960566095954
0.9152585692083733
-0.5440009566083063
0.17498628437246422
0.046779996770004315
-1.7115782012031977
-0.7078950817722518
-1.1166984262891082
-0.8083407328797971
-1.3100559590749268
2.0949039318933655
-2.701665557461644
-0.6121406304018073
-1.484381017797052
-0.5637869740784421
-0.18825690933177108
0.9412522197988558
-1.3403247515603394
-1.0061104375726972
0.9652255189703897
-0.8414529241937627
-0.2416756784680982
-0.07866851443029182
0.18689791852004253
-0.527902320274334
-0.6234480016054583
0.7410382314102671
-0.5078159837240767
1.0744713044824121
0.5567873111349678
-2.245331181926799
-1.3188219913342318
1.4798219226367428
-2.0353130527663206
0.10733260943204356
0.3813607647110128
0.07260177318365733
-3.193322559651614
-0.40753452700230863
1.1383472436552535
0.5286358136496837
0.34944482124572923
0.7290764471942548
-0.7493383811507333
-0.9722854291773833
-1.0326230459310577
-0.2941271070718829
-0.5911213645833044
0.21366355317698518
-1.2844149120264419
-1.3058971300539646
-1.9289468793241975
0.7309852670847123
-0.927355345540755
1.19582187126102
-1.316295041917022
-1.6252538370562206
0.6051353805391861
0.4595891519086924
-0.10044243426751943
-0.6744446407049369
-0.23389404135407194
-0.7108292767293762
0.3755761668512994
0.43141502691812134
-0.6107719490766472
-0.3062239776090661
-1.76315987063659
0.32693633000016303
-0.37972703000745467
1.2573239955025939
0.7163083500135843
0.6150546877841625
-2.2871529020838537
-1.1762665802130905
1.7965759347485974
0.04058307392111062
0.43611192614455263
0.21425792664942617
-3.263335212043772
-0.9122061189311006
