0.16436061413849512
0.06496111508576012
-0.33287631771246756
-0.137657425324961
-0.42320986428679086
-0.01385797798017985
-0.025516001108010024
-0.433767861544444
-0.20962889326264547
0.4968130475342378
1.3018794233815238
0.47980919774927516
0.005365206957129118
-0.11001735598396278
1.1689113334695431
-0.4309680517278748
0.7841164438699383
0.7974475079850599
-0.7070493475512736
0.5486238663243932
-0.6980184410169346
0.010208331938768562
0.8127633240423635
0.7610029904499537
0.24760500088819723
0.8495432711144669
-1.025041792535432
-0.5500954150151799
-0.007423138837331025
-1.4529510594162547
0.19922024016183523
-0.11203961681266741
0.07724500735348121
-1.2652719078803323
-0.6497422052880585
1.139349140339474
0.27465339136153705
0.8922212298545987
0.8338820126747595
-0.21975376489768167
-0.16212799951120477
1.1240631532754446
0.3310745782869375
1.9593179687845157
1.4846680834782877
1.0187532909602592
0.004465495493023462
3.8125256381889288
0.49703798733393717
-0.35249516047392987
-0.05548830364513301
0.3943836559931092
-2.4014258215222646
1.202920127637116
0.5468847298411257
-0.1612477616560813
-0.5109516442399403
0.6864048262196722
0.7980509475261856
0.5717112124663078
-0.09819928619139708
0.1397210728040767
2.7002288459175143
1.205807699264492
-1.1780200186274545
-0.20290194858592858
0.31103272319913783
-0.7522261307193191
0.3019091632903924
-0.07069123623548576
-0.047143066510265834
0.6287485164298356
0.6345467868760601
1.1837519574645932
0.7379766158820598
-0.842969737588887
-1.7543874604236889
-1.3944659260582497
0.5829813381791374
-2.1508118122971402
-0.30800707686095585
-0.47017526723019465
0.0839467226373803
-0.5487784144337997
-1.3092429054980468
-1.2013443411710187
0.4509007381009876
-2.2042234690028715
-0.02055589564759974
0.7827693222740502
-0.03691668304734492
1.0956461245482545
-0.6815211194553381
-0.4695876441533312
0.6705661815441988
-1.7140537381898795
-0.7093322202310188
0.6971127643624959
-0.3775273715471501
0.3374995598691167
-0.907393805469628
-2.421775897419848
0.6038684972759444
1.3465682757882094
-0.2950885296598832
1.879228935283289
0.04400185112210016
-2.38841412931184
-0.8144400034568955
-2.35198438739151
-0.32079002280106844
1.005312882741182
1.127327838958167
-0.07864033400218963
-1.1334349326964843
-0.1579980161770784
0.7000400580147165
0.11525540677681576
-2.8753898162865816
-0.7653021493571338
1.3139368373709484
0.38557590539893927
-0.12079051460480132
-0.7083800845000829
1.6019988920514765
-0.7223905998342817
-0.43670183473494356
-0.9108438304662735
0.720098946883443
-0.05837150877527982
-1.316144062026954
-0.3983689968055582
-0.8307473704534794
-2.3728206247377295
-0.43435940850740673
-1.3801017142522263
0.032783754705699504
0.9637860634519064
0.23618595890157157
-0.5833446362839376
1.5495350123946385
0.018808435989161758
0.9946109042904291
0.4791124660430394
0.3454552498374499
-0.49623908428988717
0.5260845303813039
-0.07254100171533479
0.19292694798443785
-0.05370799862228106
-0.01762454091032858
1.5844719815749186
1.7536854825216233
-0.7168593598056936
0.21471295802706045
0.6870432763299904
-1.3590123552560327
-0.7868022073969608
0.8054525146117788
-0.44489393209521555
-0.5924040653266759
0.6283303327998763
1.649515169226376
0.030208475739700095
-0.9476251582425882
0.4966916458199746
-1.558975317809732
-0.1933241051692955
1.6398530475007684
0.3781778975402735
0.4652751540856604
0.24249796429351417
0.012957521944518179
-0.6435606029954415
0.7011521221034821
0.20980404771483874
1.718110281779346
-0.8072929713884942
-0.21672355961925552
0.43969402454524925
-1.324681294653724
0.6417385573963996
1.277668447132143
-0.8574380251887889
-2.0447269799461516
-0.4370062395813794
0.9997164888140139
1.6445323988658413
-0.08108730133618518
1.0607876143731565
0.44665668300825095
1.8357192173337067
-1.1808480781990767
-1.552498181913996
0.972294873874139
-0.38274659460033544
-1.3053645431630099
0.07969637963887524
-0.21019264372650473
1.0192941764385897
0.11820806796135093
0.5028039398627765
-0.3850223309771599
-0.35188303753204014
-1.536042156958716
-0.1473064115715088
-0.5285423123791997
1.9782700816820153
-0.5052043810024042
-1.4735198250172152
-0.8802381793485446
0.8105374218207063
0.6835458283267849
0.09316705065807239
2.4201454674432807
-0.6006101844036139
0.03558993690105098
-0.6623553881553504
-0.92473897782065
-0.5436784183188496
-1.6992786451760906
0.730957632586088
-0.36541207533479064
-0.14013300353781213
1.4945681151332908
0.98989402334665
1.7641640187097398
-1.5785845620138212
0.9117803137534825
0.20521122037726414
0.4281309810174701
1.4774725435574705
0.057734511237212974
0.6873908431475318
0.2788969737806088
-1.1334389937706297
-1.1004946943080343
-0.49294405147278164
-0.1212995002335799
1.8043754964183925
1.8550471668642035
-1.8931552795248274
-0.9470763142197482
0.06917998042845001
1.344523961881413
-1.4498074575194497
-0.5528168581167627
2.1231117084853106
0.769445541397063
-2.5122110129248334
0.5457217932234819
0.39668128326207486
-2.8683192559296495
-0.4425539358505915
0.9671921134723718
-0.7257564106465837
0.7503288250718002
-1.0681557406840154
1.1083419492794488
-1.247355319931764
0.967452366973213
-0.970814446285737
0.4116700531418927
-0.11847733635774245
0.6047236614282386
0.08378182103149562
0.8991360497555699
0.46155530233063935
-0.019332348791498696
0.5765208568612837
0.30445633261954386
-0.9275895147629637
0.4748040612038252
0.2678493600641016
1.1856042614435842
-0.38207967268301485
-0.3411945234464135
-2.1914290574922983
1.221853341807036
1.1519930984148647
0.10494332110888568
-0.19288535545078003
-0.3164288769609752
0.48180574121904024
0.9655340242979931
0.0031838797514387287
-0.6261409702175047
0.9183326714673888
1.644454515546749
-0.07885694479155414
0.4525494610284273
-0.8608719122400579
0.15967985933930723
-0.6701372404057757
-0.8262218209543666
0.5050027495446107
0.06468946096891132
0.819150736674775
0.3451843184597052
1.1768730549191837
0.16409866483754867
-0.9594116244747356
-1.5258187815507707
1.7646770095197648
0.19484059008426888
-0.6678635303457328
1.0737686845997447
2.286670872518687
-1.1590434084408672
-0.04317204141119119
0.1898677568793748
-0.06443552707339006
0.20871514727462318
0.8398491339678216
-0.5321454046457277
0.281820588479816
2.546557133564482
0.2173794536382742
-1.1933798209781272
-1.3693151842268132
2.29265828146438
0.34856509170264655
-1.0785909487480598
0.7788144642797927
-0.16715440744704207
0.6392653532265363
-1.158157458848744
0.014142054149262681
0.3400102234064465
0.6382644360922985
-0.3678117599884618
0.7525509724191525
1.5848924889870437
1.431337617374118
0.6002292172606986
-1.0985431864470339
-1.8339878772035472
-0.03363017448468546
-0.61170698461834
-0.3983361297991347
0.0703956168535763
0.302138196211203
1.0185746483508853
1.5181182670947082
0.6991351141034916
-0.11490624040993895
0.047138908551889125
1.2798201953244817
-1.0269192208434268
0.5806609620048341
1.5730469853262916
-1.0677552348616492
1.334844223705754
0.8684476645557225
-1.0254492018027548
-0.3266843387813029
1.2563328813417014
-2.683899179279495
2.3137770569341125
-0.4234721755293875
1.3304551887809037
0.20752120899702253
-0.6671902857894737
0.995377505496788
0.5435051748737887
0.3255711884359405
-1.1331523278307527
1.700204146617092
1.0688543999288105
-1.5292356416164508
1.9343331274749973
0.5063732457871737
2.2366338273022532
0.21376640983306014
-2.46047986818242
-1.1403922877161345
-0.7124540780494804
0.3284468115603395
-0.10309801943146193
-0.5964225682431212
0.8943572600913953
-0.9986547014828735
0.8371316647066447
0.5153072711964409
-0.3960614999579637
1.2636685085732153
0.02947203349178324
-1.2501716738173358
0.11083037550942307
0.7164327604744825
-0.03543621941767563
0.8563725132698999
-1.1529026468570243
0.594321471198645
-0.6438235571240406
0.04478621559725382
-0.017440872531745522
0.3487512135642237
-1.3642034883630814
-0.37967848586924624
2.961293018964237
1.1696067463989368
0.9769125778846734
-0.31299602481941047
-1.2247806401706232
0.6434909639677563
-1.3054423870253027
1.5206286215788323
-0.31809704997621563
0.16750365148011606
0.36492765008465494
1.273596349838757
-0.566916336162796
-1.2432635051137508
-0.2652874370272038
1.1607174143169545
-0.36117615693611116
0.8035113058147796
0.2750885623349906
-0.4380255719323144
1.147129569681216
0.1830794091703411
0.19866944600889933
1.6114871676803408
-0.10084318898425626
1.4728438278519091
0.2646173744907293
-1.0122984690349743
-1.150390365521501
-0.31774355606345067
0.24600858104810855
0.6539038350871177
1.069699365897349
0.0593577803652623
-0.7921535349947019
-0.8844040465856221
1.518387545662782
-0.27780787542962315
0.15054964208800128
0.5429131921852225
0.8066231174288485
1.2730701353127085
-0.07326213533324441
-0.21668089846819955
0.012688944878620007
-0.5799480131811982
0.7964905629478183
1.8922181834430483
-0.8147858958808916
0.5689031079237258
-0.9298703984534711
-0.011703934748815124
-0.12349311094926693
0.7634926845118684
-0.34954854083865017
-0.9562601934532944
-0.08415330475025731
0.333159119576108
0.5616838936008193
-1.500235158705398
-0.1664250557096269
1.638416358145843
1.0594109974513917
-1.5098072556754267
-0.18144734422343803
0.914531596186214
-0.22495633081859515
0.16394318281280007
1.356120082233255
-0.336489167023756
1.6848771115767847
0.49108268145270445
0.5094919761442552
0.03756742327095747
-2.0316163707127943
-0.1505072955809362
-0.26027117294775515
-0.9649781404235457
-0.014220368524662139
1.2166012071354506
0.7318607512870485
0.8718185350519133
2.605310173974757
2.53036160337099
1.1174283587763938
0.20730470482665878
-0.018585873286143726
-2.7610101283265016
2.0656562227590447
-0.19033270307478242
0.3375243902053326
0.19390822248299397
1.463130983232887
0.3216214604408783
1.2600136045446573
0.6306995296204737
0.05107473303823483
-0.8443954822918106
-0.5784948003694503
0.3081245736501419
0.5689141709168896
0.26828353995321175
-1.0461089495768157
0.2930380029408875
1.448199470832455
-1.8396719994239334
-2.490776583253854
-1.9313924308143466
-1.0860466820423667
0.455661977575521
-0.6132021874713427
-0.7960327012486081
