-0.1306188475848685
-0.37403229626577533
0.21638849145736255
0.5768448042049434
0.12656840725185786
0.15013190752259012
0.3269727768599929
-0.4053574482065645
1.3918952183620918
-1.184428745069087
-0.37541590056258517
1.0287608915841722
-0.9568239834814809
1.329435841764538
1.72309492819375
0.26248806015551995
0.7274629033704443
0.4938501584709762
0.602568891471722
1.0001859533636221
1.212825666993111
-0.7895110825338221
-0.6991349705040198
-0.13405365030520816
0.6196781416599969
0.938988425917698
0.8774562314381789
0.18212746541690666
1.1856678858799188
1.2055578219984997
-1.2540532622097467
-1.2767394828972305
0.8883729482498153
-0.6380433954249078
-0.699639135936172
0.08415727482548013
-0.15726860785578367
1.7261370102552513
-0.9244602321234578
0.6206983300762282
0.7135171214563881
0.41161143438894215
-1.5065409039776712
1.1096120527861022
0.17382689648492244
0.11251159180548878
-0.8384797376427634
-0.7675288961183268
-0.22842929814764792
-1.0634274515305682
0.11127736484606386
1.013362167779611
0.9675352669637484
-0.09994458970782544
0.559812605942036
0.1474783578526753
-0.7517400312922908
-1.4634593197131947
-0.553753902908038
-0.13333742017460676
1.262834418722461
0.7515676584023144
1.0308921011340137
-0.13578318692431235
-0.9052766511284427
-1.2487848538821513
-0.3019323839640486
-0.48848656158521037
0.6256212822852306
1.200369167496646
0.994842925953832
-0.05520691055785859
-0.5580230261717607
-0.06714907054948277
0.14823962728202747
1.458897575515905
1.2118992197326022
-0.07283294952608113
2.0338628742268385
-0.6375330830554009
-2.7137259769333317
0.6011447339529575
0.22653884039472041
-0.9853559452376771
1.0779722832566299
0.15834631387209636
-0.19771315532831593
-0.013376701300614255
0.3819547993990155
0.7993827430621323
-0.04968752264988186
0.4248181381856537
0.4719541097563762
-1.2743923746306938
-0.35749492158464097
-0.4503869228391824
0.06457712514322274
-0.30024016614927335
-0.5525315194135411
-0.6116402919739071
0.15611224714087413
1.183359904380353
0.9472679547615445
-0.3777956549494033
0.5811557460509919
-0.7465285011473113
1.0465415576431862
-0.630728726789118
0.913703143011109
-1.2188745518941384
0.28114260347601716
-0.6932059877051095
-0.5662485351946263
1.042421234130599
1.2484234374530585
1.0932249663257216
-0.4320688057251009
0.611225975411828
0.5813961174642904
0.2341951821928626
-0.04539434850322996
-0.33384070133021054
1.2805642926704304
-0.7351123072602203
0.16122950243997528
-1.858367783495398
-0.020382122208257997
1.164350785994583
0.3233026128595973
1.2821489321714246
-1.869282112485924
1.2331962591074517
0.7608581017266254
0.3242651009489059
1.1245200744005996
0.3052554663255782
0.016294381502732776
1.496995947739272
-0.13574179256979527
2.151113885323931
-0.3468597246974697
-0.18193070004726744
0.19446975661951332
-1.5993380860333837
0.5858439167486571
0.0613042335691636
1.1250277443673256
1.5024487390538144
-0.93481112692531
0.3489828507095374
0.7071451767615473
-1.8427587478910177
-0.4643955118762517
-0.08686672893769397
-0.7045798810447365
-0.31854453091672635
0.590252103047507
0.4215340656691922
0.3636383757591978
0.5359816117958156
-0.5901548683065558
0.8851338912497163
0.575071739955254
-1.0677052171014298
1.5466281958553323
-1.3500734150047498
-2.780119033094343
2.538277121520265
-0.9246556779774784
1.7656433578366817
0.1869045452219923
2.6537818558161983
0.6341027210304852
-1.9490124016773518
-0.9637554338970146
-1.4471480771445524
0.4520749387829623
0.7798099999893203
0.4654844220144356
0.9617904402595174
-0.21302254146955002
-1.2303327197361145
0.6124879473410916
-0.46943424510619275
-0.2627465351468569
0.9117411177548566
0.48575429497820644
-0.06826113575044229
-1.0949009318071525
0.14190432272785017
-1.0049786154940807
-0.2587890419129559
0.7223660036334535
-0.7053131543686326
-0.6450734307701491
0.18164901615447623
-0.5503268307634012
-0.7822478040769704
1.6393209028184403
-1.6324066984719359
1.3382421977237093
0.3134443596711801
0.8618593350166763
0.4333138613433867
-0.9974549625472989
-1.2010914408509652
0.6936966859107823
-0.9366281457854353
-1.0030477505840687
-0.222754465968316
-0.8908769314604726
-0.5255235324142562
0.011124435019287804
-1.1643632028620279
-0.3100948031383149
1.3301150418335002
-0.436467216810351
-0.5070315374803946
0.22833247526524353
-0.22659636405109995
0.4625944140007915
-0.05532276759936204
-0.44328362174369923
1.4617496495335598
1.3394508910605596
-0.03565616646582646
-0.6802218990343071
0.062311959698895275
1.8941634303330988
-0.3439621512410903
-0.5266131513569544
0.11163717893048078
-0.2735484696632953
-1.6353505162983535
-0.936388853011855
-1.0172466503524276
-0.1305657547098431
-0.4346002372800962
-0.8145255393237231
-1.8838339239455293
-0.08547575094983763
1.0062407952352734
-1.0693179804562118
-1.0640126194783777
0.5303217795681192
0.1369340424306113
-0.7184443048611823
0.5997031862755747
0.4382674289112356
-1.054446477387565
-1.0295001536990849
0.15017286160214996
-0.10456450291762533
0.2737037463826754
0.42355638763771963
1.9040482949043438
-0.5326932721678996
0.5956860480184318
1.2366269766706093
0.8370171373773102
1.2053889241116023
-0.7969075120194368
1.231370531561386
0.47474659931225854
0.11374923963806166
1.2426783254576519
1.5432639453972075
-2.3209259904587727
0.14403864207447015
-0.5645869099297797
-0.553686412544921
0.8136034563180968
-0.4319404523752227
-0.24192917751489712
-0.6010126622759062
-1.0976157966125246
0.7021382177046248
0.31240169725044964
0.2541430145050201
0.4808210559780194
-1.9819133660211237
-1.0673964178954065
-0.6816621448493754
0.2882421579147225
1.0402553200227411
1.998639146107684
0.5498146882211764
1.2565897960853591
-0.35542977135200166
-0.6819219964081575
0.5884647406545875
-0.00501390829736881
0.7715796709674859
-1.7316531121236
-0.2973810010427822
-0.053763983902960256
-0.497590394804709
-0.2709760216686158
-1.9254896024446382
0.23528777597142
0.47321393860353556
1.0013762939933222
-0.0182923874835788
0.27737394025831574
-0.15061525449461424
0.4331269806815164
-0.006034816826137186
0.255161465486823
-0.03169546140166748
1.0568035519148506
-0.21247532344767397
0.840531136847986
0.9965872037257474
0.8422269272391412
0.03095024074075722
0.541184087083996
0.6689248255997357
0.5474440351388737
-0.45771458735483567
-0.1502436344312518
-0.8385344092540536
-0.15297772466674917
0.34700177344437616
0.03196739728293163
-1.592160806646394
1.0538782150993717
1.0755718654267825
1.1715011307647412
0.31544011380839787
-1.1075243327518116
2.7100851908463746
0.2758529286535552
-0.28996584196865766
0.45618667279658665
0.4931285839306615
-0.9679473079543703
0.6026678831196545
0.4524207850564037
1.1043489048517503
-0.7720762961672102
-0.14737027181572107
-0.8004378631215706
-0.18934169398502368
-0.7416291984289078
0.8147822713642365
-0.14739042868466803
0.02204414159636292
-0.08104327783276255
-0.2938330708036412
0.972090088650994
-0.31758102853349196
1.3279154511095284
-0.2776737703330079
1.7200993825561015
-0.29589259236322696
-0.41833005945075274
-0.9133696916771099
-0.117334009828799
-0.9044048677847295
0.17513173974234575
1.8192424325598024
-2.865661699803588
1.4548355347022335
0.6030171816094638
-2.935574116936265
0.26121510183312274
0.8006394859164775
-0.5875126396000434
0.47874144045475275
-1.4604288334411553
0.6472953863220094
-0.27205038155991307
0.15005928925109735
-2.0383764024251274
-0.01209854991657919
-1.30857408396578
-0.1372937134197603
0.6455900440632978
0.5027042193907478
-0.30914962611091695
0.590824260817544
-2.0629209645882174
0.927500173964501
1.05651770049628
-0.8998867839920893
-1.0623462336121272
1.2426454819449102
-0.5271352082107872
-0.5886476548154991
0.484872760037109
0.8753326157408555
-0.5278015724162491
-0.012765199916132123
0.67906416061802
-1.1684401441619103
2.160140671673485
-0.9009109579371378
-1.686745959003237
-0.5361265414329366
0.3434973254068308
-0.06343798773010921
-0.05886300946108335
0.4957720549924819
-1.3689095213992528
-2.4102540703330666
-0.21257013776431996
-0.46095574537475936
1.0108519092174617
0.5491483020580537
-0.21506809219444747
-0.25239604342995975
-0.08700379143191128
-0.25456217371458734
1.2846958238859814
1.1609685099310771
0.05700850003087318
0.24826329470740002
0.12144526636887225
-1.5746506906828253
2.573212394754339
-0.5302261183021071
-1.833916007655038
0.36699237691516934
0.0010798655183810583
1.110426983926085
0.4923934141088724
-0.7484572425323004
0.9472918447170036
-1.239777555029517
-0.40885891097006977
-0.6677821638393999
0.2567820875118289
-0.8300779602269154
0.6555473152829714
-0.45768234294610777
-0.04086450939222168
-0.31120925832521534
-0.6456804775286051
0.29424646254258674
1.345557260377802
-0.7146670943582462
1.281597949338464
0.8867870818907119
-0.11729645969111822
-0.987281215060934
0.8111619093079494
-1.8754448255732388
-0.8001851204761403
0.2862016572193415
-0.3167646852410666
0.875153171238854
-0.33171801036437565
-0.9942096200636658
0.5920823071329212
-0.8221037677044724
-1.377621702910323
1.412089630606086
0.5461436017277503
-2.6526361583816787
-1.2967391030291313
-0.35273644759372846
0.7721441355149042
0.28277889922915916
0.3450773813215014
-0.33973987251765275
1.6150652938683843
0.8188623211167073
0.17764150273266258
1.7183572678283414
-0.1528350450591978
0.2179693864388763
-1.0297185038350738
0.5138367759460717
-2.1513060738200958
0.6490132674394303
-0.9045881484932796
-1.57075187803078
-0.6665668330391041
0.26300701500164775
-2.0893338071538445
-0.4116981007729036
-1.0718733023583493
-1.8701811535134443
0.9785633254528977
-0.903938318321993
-0.164045503821265
-1.319361864740457
-1.5956827252589862
0.3047545256318616
-0.5300559867739261
0.3825481964851528
-0.28748084258462486
-1.087754689000039
-2.2199382183134317
0.43076060276039096
-1.1440156720557262
1.5587738744261235
-0.5006449143188534
0.002354060244070635
-0.6288142356137979
-2.381501217869112
0.583386593750149
-0.015448997391490664
2.0949313065630215
1.1948920339861184
0.717308578321941
-0.8809902803093347
-0.23238318485416148
0.1998279476164726
0.25095892800653613
1.319960947515882
-0.7323236991081419
