0.9341885080185676
-2.06422678281334
2.9546340548560535
-0.10575948028488145
0.7930472151430574
1.9285746583437802
0.04278778396034889
-0.5913245818067401
-0.26899606896162953
-0.8190576075150834
0.84607388697123
1.2712053286100569
1.5605390457519241
0.7190707749534834
-1.8253515655027337
-0.5458755095823903
1.3846146910766626
0.147299766199621
0.5308652788205748
0.615180767842991
0.10493218791304759
-0.7432229599472449
1.2315134545792046
-0.32878202468128137
-0.28714523304911965
0.6556343684051386
0.9566552426946275
-0.2406472039666329
1.7322238155199061
0.10442298542488765
0.5834109298810565
0.9462213360344591
-0.4082709741903961
0.40199776394000863
-2.541254892904264
-1.0753435414865653
0.4449570532143474
0.17041864464626785
0.7726950213132409
-1.4046334271113072
-1.9456414435308298
-1.6969868526311584
-0.8730484694644629
0.49507213297737046
0.4117431290748188
-0.7191190735926243
-0.5001437713327466
-0.5814423879867716
-0.6840509491120692
0.765185712455729
0.8915194069479024
-1.3951709609915433
0.1348400228146821
1.6528339267508017
-0.6021412950836291
0.3867416228175663
-0.1984437781861808
1.7700066299980945
-0.24491486293276657
0.7601831100083701
-0.17797669927559706
-0.9306364853531673
1.8730193162010509
2.164776861371824
0.1566265581684438
-0.3716126852233586
0.15437829217950524
-1.0060347648495986
-0.7601953477915234
-0.420320788535961
-0.25727786543655884
-1.3537543223108004
-0.7214620324356452
0.4871703215439504
1.3050986791109727
-1.0911083709335452
1.424466798049564
1.7146014870403272
-1.1665059937543898
0.014026065881053845
-0.827927139218321
-0.5440739339539137
-0.4798127414488435
0.9449650321088756
-0.23558172536558455
1.5733486726195485
0.041442604122913056
-0.216696169134804
0.2594823447759575
-0.7812535827264688
0.4247360944906163
0.5432713873428167
0.6778371907815056
-1.8492163243589332
-0.6006736918829177
0.4261976707926385
-1.0115748611654702
1.6210810479650966
0.3655550660755477
0.48763468035499696
0.3208010692259926
1.1710577608210815
0.03380157660624702
-0.39650351556142943
-1.013727057602716
-2.9131483053148597
0.5088160049435214
0.8962000673713965
1.5668090662428993
1.6840181990548102
-1.0989066739611655
-0.7708226903391452
1.4980562009526395
-0.5043771749861887
-0.9493539201838894
-1.5727547246829225
0.16960770292266739
0.6366340053408676
0.021708758109945672
-0.10184413682331248
0.41245916137204863
0.9519321848114496
-0.2723596937656307
0.061529220034046865
-1.526899918677419
-0.3010866754114407
1.4559464327733047
0.7772192281082287
1.6605556862497646
-1.0712628628648966
0.20942597437091254
-0.5349967221318408
-1.3806384251371746
1.008514456669289
0.59862201260266
-1.640202415679189
1.1443799655127838
-0.49095190942879213
0.8896772285553604
-0.6771252896808979
-1.1711596856056574
-0.7734302487374924
0.32000126427875974
0.939539227839876
0.4096187324726809
-0.1597873856069586
1.2182147572587283
0.05675462587926697
0.105932481735815
0.19742837942205224
0.36722225347305637
-0.0252721715513806
1.154115681447267
-0.29209342308060143
-0.5410605974875944
-0.08301013271948228
-1.8141889253665358
0.85206627004675
-0.16713728755104967
0.4464728946046696
-0.2354650254206236
-0.33541718941278165
-2.539917023138929
1.1077160395831327
-0.17675847620809812
-0.9264097735954075
-0.4249923166771192
0.3350608835934924
-0.4716820337105714
-0.4749827702642914
1.1029116657342963
-0.8523289395922392
0.5901274358386094
-0.7078673540721282
0.7152706905249084
-0.09713288007812404
-0.17698366496202758
-1.8070964363551492
-0.8593475890280811
2.0087333701266603
-0.3576884259195949
2.331787156735887
-2.4643789194529457
0.08397263920495132
1.104387453661954
0.991981469726334
-0.4021575238168436
0.844558290760338
0.36066632672652515
-2.7073593747704376
-1.1202250955010777
-0.2976502112742814
-0.9910627618290039
1.1394275269462266
-0.8923319281398793
0.1699208933798399
-2.0884222935558068
0.9846601798047118
-0.5617432336608661
-0.6127811475764999
-0.6225824844876889
0.7939498783640635
-0.573564902385938
0.22768861993043546
0.6159858021785991
-0.2733164816984828
-0.5912350428715736
0.5189345678254196
-0.030865611071751443
-0.9264381869080791
-0.8704201237252167
-0.3191118459890165
1.2186928586185362
-0.009914888855829754
-1.653184356975202
-0.5348765707965183
0.0726342535884112
-1.4925431372545375
0.11501324635042533
1.1734622526700544
1.5612016780490259
0.5188155620049748
0.3058879359209191
-0.5978112010236284
-1.5231357988451661
0.6186786791396092
-0.34041937133798006
0.8482323252804616
-0.9790947217120958
-0.4165623807440044
-0.5545380368970011
-0.46131105628537467
-1.6034693598218452
-1.347319921154064
0.09491952847387303
0.1597903565030079
-1.6339160583120325
-0.7260841310006058
0.8916848463300967
0.3137114924581032
-0.49965499247952194
0.4090225122662463
-0.3359887060982003
-0.6299563295496134
-0.5731771258713214
1.6655125645956306
-0.43353557811993354
0.004421205000016792
-2.2151247759244947
-1.2333415954107803
-2.3888854115891176
1.3580310086042444
2.297390296340418
-1.6301245716753696
0.8714017100849997
-0.1568406245438129
1.5863331772443614
0.726953528990054
-0.14130350987362753
0.2775686077332831
0.5148030774779343
-1.4018484058921612
0.5018117582986599
0.33385155712771175
-0.8225269020054697
-0.9970242742777391
0.9498723055298882
0.6744707879645216
-0.6163164378924699
0.5210864401068158
1.7154075796037518
0.30774560044322
-1.438734754091626
0.6356220941413777
0.9510780789135902
0.5261233841149562
0.36026902021485785
0.8926650936212505
0.44110166404428247
-0.24365711522140188
0.7883709141481515
0.5176920130477466
0.3615503675070039
0.8932545880440562
0.8047058216355328
0.2578425638372687
-1.861095607728715
-0.08584366451209158
-0.7700022001006261
-0.21584684327187534
-1.5250696326126172
0.45335681774391123
1.0010438226645901
-0.3473242705099408
1.5046080098920238
-0.5772727474828954
0.7809307647122541
-1.8740439257783303
-0.1581078886787501
2.5269491922045466
-0.39672390651098544
0.7481070273097536
-0.5581769225364901
0.6761072324530288
2.391567423354749
1.9571593872667732
1.219536512410435
0.45709687960654194
1.4354862925565264
-0.6082684234370704
-1.5313572023384012
-1.1096412013127737
-0.10158619112007358
-0.19435260434560106
0.37961285709260334
1.423703868225754
0.046222704388337275
0.7285792900901844
0.7124686484135085
-0.8121921962136227
-0.011345240973131674
-0.028215054330153786
-1.5302295828938632
-1.5750303660759408
2.167203707508569
0.462987721815957
-0.7695662670523324
0.9854821548159308
-1.3186591175635036
0.8059787281777203
0.27345360221766624
3.7024741432236157
0.4201468147778103
0.28105759743195563
-0.2429804433819701
-0.7620598252156869
-0.7050703988794867
0.03990591604284046
-1.190670133711093
1.3616553474567663
-1.2279382857906629
-1.9098444938146795
0.6952687164835207
1.6305266940002263
-0.9294842025848196
1.7089276007858811
1.0434385439879692
-0.42139339489343136
0.5258429708389805
0.5957802621501158
0.7665714109570475
-1.289759416060294
1.5456106544764914
1.107716139054989
0.08356280801885708
-1.265955610474426
0.2911889502413914
-1.6855185018571777
0.20976452613029747
-2.3881036609459847
-1.3741949807160305
0.1773619502744085
-0.40770076545349204
0.8195254585057398
1.5273902847721674
1.3235039854968866
1.979588936793192
-0.8312349781369391
1.5461538977016174
1.3485072498180521
0.751185169538831
-0.3574796506093221
-0.27322137478312347
-0.2575929047134516
0.9188715401282341
-0.15623930307368838
-0.007616110670907774
1.1756482980451008
0.4956100477984711
-0.20941415992020215
-0.08047958013030364
-1.033492424441497
-0.9244752289172107
0.9919951366634872
-0.009473715469952713
0.07959879172696083
0.41995422138774524
-0.11041986128669914
0.2248956529437156
0.5207520748903003
-0.04242750818617541
-0.07495603899619062
1.8087764205126093
0.65071685900006
0.7465616553890246
2.1255050687988346
1.4137257087469979
-0.4854432066030349
1.4019528325684112
1.1431996390340677
0.014444045227227904
-1.5867608085575715
1.374771713835546
1.1785821282417037
0.5554069933636185
0.5595870361333625
-0.5051944487110414
0.7053060303623945
-0.7878765362530536
1.5971706390538176
-0.016633740196025617
-0.8975332379445661
-0.012293753746680548
0.9404684760593993
0.99851024151682
-0.9943237311480668
-0.23281640396916262
0.7960218790199023
1.310136446722413
1.7473641924633705
-1.105803807237975
0.12307107564429433
0.39958719620517064
-1.016616445750131
0.6080425506584932
-1.7180901013771102
-0.14714750066679005
-1.5968054399354066
0.8871596914411333
0.8837162692465248
-0.21707912868092913
0.189456696360309
-0.13517662682360918
-0.4238993834080122
0.035894918632506254
-0.37086510731205463
0.5877796972957552
1.0110789003908445
2.2403737448106815
-0.9586981374237329
-0.44540002464640993
0.5294750180142482
-1.6714203416170348
-0.13703180493039357
1.7903758188097108
0.47104056063284344
-0.36120024601686257
0.27814405186172547
-0.5011712101174908
0.06938417205923553
-0.6018027914812507
1.6103275736578326
-0.22732611643441417
0.5330635600345637
0.10553567546313057
-0.8947716795729092
1.2883801220019595
1.23725258597787
-0.7791217120537327
-2.406772382624997
-0.5563976915264836
-1.0703881035828162
0.2643749380683952
1.4359438440184837
1.3875891706849133
-0.44505553104090007
-0.5851725743975135
0.19248455411819929
1.154663352832365
0.246774373922438
-0.024029072418178043
-0.003377866919316451
0.40492714078058106
-0.0405496736744642
-0.5329679030943982
1.6104691060137122
0.12103856072176088
0.2582790521531957
0.6026984463285195
0.6402140180077989
-0.025700203494354607
0.03723635999622834
0.6791761636099164
-2.212325662167378
0.453087230079622
0.3357242525610565
0.45078107117370336
-2.709085207591292
1.8710584839841897
0.44382892869664425
-0.633532255197814
-0.6474979471754673
-0.3620076042118125
-0.28289062507565066
-0.8390938626960615
2.5525098423346075
-1.1739122292567192
-0.4941807814102784
0.9544278751771655
0.5182290759732605
2.7754812180615605
3.4841540789564505
0.06723749008403597
-0.7227702125650598
-0.5884239082311493
1.0123394016525857
2.034475653074601
-0.6168498172462623
1.3406932051852738
0.6443485588986129
1.008966674039874
-0.9589110295897704
