0.06526212152156738
0.06933248299674151
-1.1605390770803843
0.2673090492361254
0.8584617859282285
0.9065135493934884
0.6243205898543449
0.5830417296367977
0.6884878306729377
-0.3118562909210167
-0.5181762105214633
-0.4114913111190475
-1.1245143177661314
-0.8729795264686221
0.22824056989382524
-0.18610237129247592
-0.060823420635125164
-0.9051690702905234
0.9364779711295783
-1.4468567986532206
0.5636256616100397
0.09272765838457103
-0.5553960489629555
-0.12151278525167862
0.40850076066326413
-0.35464161552452667
-0.518576743870665
-0.5146740291478371
1.3435384528715903
0.8823965492606355
1.1194930593906867
-0.9965179054092002
-0.08951060729294504
-0.7416347832927908
2.2974633487662945
-0.7220076407350412
-0.9399346257622151
-1.2001924988451418
-0.36419221758992604
-0.1933704366886261
-1.4425943131824508
0.637642454518036
1.3982136123832531
-1.443343833645135
-0.9655645500031634
1.0259859848463966
-0.46150883814432303
0.5194264463787661
-0.562506083835447
-0.4273743072107618
1.4660148906270132
-0.9039870773369229
-0.3303198492927949
1.33614319981577
0.8045029709528794
-1.8278444565459009
-1.3950466986867744
-1.1713336196374473
0.5796903624401709
3.7012590460631634
-1.1944712523283192
-0.32952180643146706
0.3867041501572425
-1.1423991738174637
2.7737475827223443
-0.3453497135269739
1.6981560153475699
0.4837032340914425
0.9358773262357282
1.1462216455611898
0.3466697605099941
-1.645903496452526
-0.7789919860033993
-0.4582013864170956
0.8185589686819651
0.8062602970657666
-1.1174412440385495
0.17899485798702458
-0.015182129457021678
-1.5923531586570627
0.16929190068302116
-1.8549174255646739
-0.04895334380425682
0.6972817030451708
-0.336142703969015
-0.9396608353264834
1.2038583860650878
-1.1904369632347933
0.5891534314787108
0.3295792599736456
0.16486427381592592
-0.8480243599965246
1.0093692010983861
0.19767367796697918
-0.0018245306651308026
0.6775577126127704
-0.09312556254582187
1.4691392467590092
0.6136755056632932
0.5491894615459003
-2.5300131423758314
0.31137146091077594
-0.8401076146203347
0.6263029359512418
1.3311803436991716
0.11802496183359071
-0.5296808865933814
-0.650822037692977
-0.17657302558812277
1.1399969397249676
-1.5666333001680386
0.08291970359561529
1.4758756310617798
-1.1621458966423541
0.1255700405808901
-1.106937513634218
-1.2096461231371198
-0.9229908031282483
-0.8337319744108748
-0.6273809898675506
1.9282050348647999
-2.5019560810296606
0.3000794602837182
0.3937762382617405
0.5226066629726385
1.0116197230905541
0.397732343905482
0.02418534140031343
0.2958801182584056
1.1564879986404895
1.03915086699626
1.528096987420669
0.6907453509511339
-0.1105596846950457
0.13435998961115336
1.010743402145133
0.4029594626779507
-1.8587452840320682
-0.15478381623873985
1.0065781406312442
0.37768770614329156
0.8048312658894831
0.4465304132255992
1.0703980072722334
-0.7378584776813666
-0.5107540437333377
-0.21866981720819673
1.4139763389831086
-0.8612878632145976
0.21431505367661954
1.0540837661412357
0.04453365980544405
0.32766801062737155
-0.33749859215884886
0.07758059878364161
0.6980298569637475
0.08759790199829262
-0.5267548612305376
1.0939573904414737
-2.6121773139176585
-0.5068163777907079
0.7777316900347716
-0.7542038678619688
-1.1084118385591752
-1.6572978689365085
-0.7837720214657066
1.3978616527920844
-0.11264559322605432
-0.04431120659187068
1.2076113492485214
1.2893827300467424
0.3386034916855444
0.6521442363694631
-0.4034021386394721
0.438100644845467
-0.30274444085479313
-0.21452413366712902
-0.06545791066604892
0.3136541227724081
0.6430381927491805
-1.3275363523698307
0.3267055381441888
-0.8212050344074009
-0.2710695518360461
1.142880797700205
0.6324271553620697
-1.3083604335666392
-0.9582759334573057
-1.6001506283036946
0.9196198989357767
0.7058991879629376
-0.22395682369271308
0.3646814278314346
0.2540213751741221
0.702570475647605
-0.02568375407862531
-1.4587163334901854
1.7649115493345258
-1.0649930389552449
2.0837723192092263
-0.11744384471877954
0.5005916752526255
-0.8435779157096001
0.6077735464721699
1.5567383115404403
-0.3789739324365572
-0.06704408093120763
0.12684418209243079
-0.20507127590223012
2.0662680866443526
-1.114219805412473
1.0565106221911844
-0.1457268816740171
-0.10138535946783425
2.281254281471057
-0.2254297670473781
0.8228349667261619
0.02408052538924378
0.39729497704329
0.5387874566820765
0.2951084330832983
-1.5691599726032632
-0.5231960200368743
0.6109900538758349
-0.5221799858577925
0.07326338736198419
-0.9286907265267264
1.0440133559728653
-0.39584332019194624
-0.5998050199512932
-0.8527967849495275
-0.04845956736505808
-0.6340700360255986
0.8890029111873259
1.1341452661772167
-0.3617587240799851
0.580509840252192
-0.05838836383720179
-0.07883369386567858
0.6750973661569084
-1.4765100752120843
0.8183343449282756
0.04130533048622411
-0.7749294360578518
0.22984577540014667
-0.9664963229999622
-1.5221375692970582
-0.33563287130799724
0.41465679015936396
1.2667460731485956
0.8988924313686798
1.0349389119636665
0.7874518228683203
0.5235312232320795
0.45057868221223296
-0.18540719805725497
-0.9163481257068128
0.4306722102324649
0.6098794696659764
-0.4503715631480746
1.1746281492520427
-0.15780569041374845
-1.193093171429961
-0.6006301297895409
-0.5970588744006751
0.5705956926050022
-0.21988619227409328
-2.058944754385159
0.09060880995016213
0.0056485062214063665
-0.5026829343895296
1.1247686463884152
0.4732833793194345
0.05604265432365408
1.359962839930822
-0.34640544258827927
0.00712120488664663
0.1645758571871845
-0.1740353990969421
-0.23162799301897294
0.9054111640677637
0.2167010822340208
0.006864902856608565
-1.6690341711698635
0.5914971088847912
-0.9209674173594353
1.1425950759310832
0.4245989217975227
1.3510320787247299
-0.5457460678401981
0.8568233594996089
-0.3960871277309962
0.32137882757247466
-1.34996985087552
-0.6015596933884695
0.09066268538417059
-1.165216256819057
-1.5520024446031586
-0.3615553901233462
0.5402688033351277
-0.31750751900234303
-0.3915310136906959
-0.6553278245525785
-0.45979206767825326
0.11846945795558966
0.9296444104123607
0.7153915240503306
1.725505601035162
0.2666880788930869
-1.1381721275237726
0.45601696720540175
-1.1378514383714098
-0.6012481004511384
-0.5803130791154614
-0.546582571976122
0.18527765267929197
-0.45095672371053774
-0.38059970099087354
-0.21068328934979888
-0.7782260611102105
-0.5576758979935688
-1.0656113981273045
-1.4458496965790166
-0.07442983942420402
-0.6133180904832602
0.22465983301054687
1.456025728473114
1.2068655960371852
0.9353517320680749
0.16892606824690012
1.4281359776432998
-0.7662375517378112
0.743911682798955
-0.2858090756552946
0.46007787770066966
-0.9647058899734698
0.30890892457652663
0.9862496828861781
0.6101598582843563
0.6294136679973455
-0.47348144289724897
-0.3532930390636334
-0.3085615049792642
-1.0250508713089053
0.6299299109794242
2.3798101737721655
-0.040032817237938056
0.34879397095874437
-0.500857227876697
0.43895108555171863
0.7364623790962418
1.8816764563647213
2.113134004333308
1.0510709099612683
-0.24144054413560148
-0.40816076241066096
-0.5286356270324178
0.5127975789145728
1.1096965702044503
0.1528743495613564
-0.11711522914727894
1.2987970222091823
1.9359062011425268
0.7051854275075382
0.6696517713591601
-0.5850460512894076
-0.7046552888377662
0.6976866364666662
1.1658894965278173
0.08478521870727941
0.06962858656697857
1.2461057893911909
0.5069667087846237
-0.8866302319038354
-0.5629386923539241
-1.3911093372115453
0.2311855168196864
-0.3409635294294714
-0.7087344733729042
0.739772855906659
-0.04773062025583931
-0.2921748319537851
-0.6798202708902576
0.2090137322505823
-0.2174679749816414
1.3074774847663968
-0.8539499724337458
-1.2991727089362999
-1.2559172860630978
-0.858349053343591
-1.7883556981229107
-0.3392695035927435
-0.07195638230996018
-1.1676359404585739
-0.9060635256911976
0.47788724068184985
-1.455482859357326
-1.3631845709604842
-0.11814068243214752
-1.4905204635031915
-1.8480294851968035
-2.1423857566501847
0.7193141900102359
-0.15108813076739824
1.0199199879906835
-0.06273888325240505
0.18187339986871395
1.667829693941066
0.04508575789883944
1.0525198150528514
0.20476423204361585
0.5311394761445057
0.30794749659035975
0.07699677733794694
-0.33963721216335746
1.7408658744482197
-0.09860597334286403
1.353166205983742
-0.7283827311106578
0.39102769138196086
2.0516193108322773
-2.6844371858068046
0.06915578817235897
-0.052192358460649256
0.787309429734716
-0.08673791542523207
0.6868652227873769
2.8249205661762598
0.15514695509700682
-1.2109358097363594
-0.5805718474509964
0.3589403621355369
1.769173704228299
-0.4075955092333559
1.305108719326255
-0.9796875648027756
-0.11996821589872911
1.1321920457834522
0.7966591130426907
-0.14688723439706006
-0.41893086384172606
-0.6175254303865151
-1.9884654422086514
-1.3048640162010834
0.06500383569951317
1.6589606133369068
-0.2763798407757124
0.4919873943175164
1.7302332024030405
0.3441658176158563
-0.5241424750851262
1.6903111261339145
-0.054003626190240545
-0.6384572745535123
-0.6447009392766175
0.40436009744996093
-0.5042531889146697
-0.5619473449590326
1.536109088984349
1.2407571610042205
-0.18675673947209662
0.8982771878175692
0.4487240730719623
-0.003229150356972247
0.3662694133831618
2.288480449453849
-0.8092518598710841
-3.0090661927617193
0.47618346104754977
-0.5443471996254687
-0.15744412893523382
-0.7742328859804222
0.7378331168303489
-1.373552086868088
-2.1356869726585592
-0.4436212621000714
2.3900103430208066
-0.5280127601789109
0.2741935327428453
-0.07521776517575691
0.8602215349413478
0.6163234962918678
-0.14988788414436577
0.934149575589406
0.28231117515293364
0.8935578302214529
0.061958862644631144
0.28728063026310985
-0.7252901254728282
0.8560172478394502
0.29110470850607884
-2.291730093473994
0.3069126638588832
2.0428757560752575
1.429468105563096
-1.677546427811543
-0.7073993929182686
1.139383422742884
-1.3732081374272522
1.2613826398670185
1.5129916038543292
-0.7086837131510476
-0.8677991024067675
1.5092266117699682
0.06794197204917035
-3.1602468956230667
0.4592975744321781
0.40558360950242384
-0.33016390356617253
0.3134033617628622
0.6221989363806716
-0.6493728045456232
