-0.8904660626226626
-1.5176545884367938
0.1380880876658773
-0.15090990201226717
0.3360570057611869
-2.205512703542043
-0.25670711879685576
-1.1514301113462295
-0.6720643381840126
-0.11728724429855361
-1.1549761965055863
-0.8880222426415425
1.1156640041964634
1.1513656184058427
-1.0528942984613803
1.261986378215709
0.6447236663454405
-0.9811573471142033
-0.3236964786556333
1.068668012356394
-1.0264220501891985
1.7748212039005882
-0.5090562114125879
-1.0747035844029837
-0.40270830983831424
-0.13424891155646618
-0.9172782563958893
-1.6448304880422886
0.8930149977249522
-0.08406419117234994
0.15692504624254908
-0.6522556176120775
1.113394781264781
1.2072666763297715
0.1820486046811136
-0.6531808508533864
0.9643058179834647
-0.7138655518636541
0.7155260977490948
-0.35403235225135615
-1.2833419462233537
2.2184993622124916
-0.14469517803039103
-0.8341686701854646
0.31249510735833297
0.13221515207590032
-0.2542306529931827
-0.24336012383174624
1.342508930919246
0.18083462053714805
0.37935357284434906
1.1854191551823623
-0.10935336256648667
0.29166043186440094
1.3006448923209977
0.9764410462053902
-0.13946312144746226
0.39766064484607183
-0.26144349237134223
-0.2731926628770566
0.7401329873326135
0.1067810701634125
1.6169118634052182
-0.7187293943234029
-0.5228185742921376
0.7516738384857834
-1.4032527777098267
1.4348330096101656
0.5354803129114775
0.3730304203119616
-0.4968441966067427
-0.7775959377863115
0.7269884705913645
0.8554786309836732
-2.1341450644257285
0.46868424550802534
1.9307018756550287
1.9393841566163814
-0.39155965588863456
1.0570400120439731
-0.9886344724802147
-1.221894381993539
1.1411541295863912
0.32266652058022727
-1.126534310346375
-0.9091959003197841
-0.3582156191524538
1.8231111526192691
1.368745849463592
0.07734802830924861
0.2717495944814381
0.9766665144197537
1.9340849347074107
2.006616341040762
0.41952388891535586
-0.0045182105158565805
1.3863800668304371
-0.5551716697932642
1.3682237763203362
-0.7240559828860156
0.07444873802575923
0.43615843541943644
-2.3452343962720774
0.5003122429210998
1.1159722474126879
-0.2824927110289844
-0.285565382974718
0.85844961625809
0.3254189556153401
-0.15049186285360408
-0.1294319813539812
1.4957870058638842
-0.26295264317568245
-2.1874301153016287
0.03403319079738589
-1.5017305688990294
-2.2876073729221376
-1.3794176090569563
0.7758228961196274
0.5844363553938607
0.07974286975562833
2.0577786818985295
0.5639730831961309
1.7327041455928847
-0.09623361211259238
0.6239330729099283
-2.4284604027952845
0.8799932981427735
0.02430528710650659
1.7258773905079663
0.8865815609489629
1.3426510069556954
0.9627939644936572
-0.15123152512961985
1.4297803864716785
-1.6435753097544445
-0.10357359356515707
1.0288642384606814
-1.0721685200008988
-0.2621556866180246
0.6244872830882524
0.34565063295585224
1.4186686255038712
-0.6311924981639554
-0.3077519658458171
1.306066524809504
1.399052963764277
1.005965417551219
-0.1675292382219607
-1.8619503441066017
-0.35212402781780516
0.9475664374527524
-1.0787397039904654
-0.9378876697474537
-1.5923510981244289
1.5517309585751495
0.9362125981607201
-1.840740087767867
0.49253883186243064
2.3992760495422547
-0.3259111803423193
-0.6368212751365349
0.7636914514915657
-0.19972707099935755
-2.221312213813048
0.6159740388298722
1.6340448994083934
-0.8190008312410769
1.4447919625634682
0.66509505092694
0.8308131024579818
-0.295505285146433
-0.7097019709453037
-0.20101342810010708
0.7396393640518948
0.647535360908039
-0.6302562288178183
-0.44062052506562044
-0.5721576789514349
-0.48572329504693434
1.347670279691327
1.2420151860553523
0.062148954478259875
-1.7363189760716802
-0.9243137773366824
1.3192811356251994
1.9176090631742702
-0.44456838801998527
0.2132380013451184
1.7965266554224866
-0.7553112122244053
0.5697690802002298
1.1664259394063015
-0.7308071798321837
1.3466100661409703
-0.21013854574256946
-2.07387878878528
0.08739254745282837
0.27957039290347324
0.6131027865245516
-0.04891569656812712
-0.2721776409161772
-0.9831493009424686
-0.5958481267406628
-0.7076195372103088
1.2068814639960588
-0.09088634625756925
1.2178147027505413
1.5179828716588073
-1.2929075593295065
-1.2823116889527988
-0.15108728388898401
-0.8882127037255575
0.311867926070763
-1.2829581006334019
-0.5472477126157711
1.6389040494357567
-1.4972874012302875
0.7119239388165591
-1.7000815000939546
0.4988993831696703
-1.0612621495165393
-0.7179816295123961
0.6140044495351044
-1.2798667928780296
-0.47221722818930334
0.17380047611407884
-0.2927102726004203
-0.19104842446145132
2.2473854290087205
1.6028155205610681
-1.4038269615593693
0.6279612416984912
0.8626025065781315
-0.3421532425522531
-0.18622211206137348
-0.17845327576418193
0.3455119257562124
-0.270395588967078
-1.0413282383248432
1.3360194736254076
-0.08408243667503218
-0.9053966840159083
1.077258461222192
-0.7184839939909261
2.441155282626102
-1.7870845548611958
1.179983508308726
1.7918575156047525
0.677360233149685
-2.796873302710279
0.5707811455073107
-0.38717481064378756
-0.7207675690305927
-0.07733748924170707
1.0021748172133313
1.6621904946080648
-1.5952707988780723
-0.46380200322427456
-1.604190184541459
0.41825293975154715
-0.7077272897320842
0.1612533778170041
0.044566811074911845
-1.3966081782086994
-0.2269109363421677
-1.4207489793748633
-0.00689309603531885
1.928831335336771
-0.11840724550710559
-0.349486080649385
0.6555679361854804
1.23120330139753
-0.944118648519234
-1.7521810614219888
0.9982764244375731
-2.0002550926859324
-1.147107983607093
-0.8073130619618595
-0.9378285927908224
-0.3223364672735349
-2.1036837421352406
-0.6409188960774773
1.824352778587927
-1.9091214165716346
0.8129416008699092
-0.10172098844193397
0.3826997564192085
-0.05250067834970693
1.0103895136395753
0.9512212920506181
1.08920506096162
-0.8437242245539867
-0.5003424877877115
0.1831101386460955
-2.319468955402108
-0.8816603232177291
-0.3600665245731298
2.0423997395830114
0.33580729559177463
2.649472650608031
-0.6856198765275713
-1.1216321448031603
-0.5899578351437803
-1.3015462641724143
-1.7017678952336859
0.3737517774600833
-0.7817029300202167
-0.8122537607493925
-0.38651426108959014
0.14114214647725404
0.030977414399705073
0.9980347821253136
0.8094450119768803
-1.4944826427142595
1.7533927903432462
0.5747487182477502
-0.46259258216564875
-0.9538942440076591
-0.7998443620141529
-0.2556211918372265
1.2768834430495115
-0.1881894649081099
1.6494551619521949
-0.11415190551445499
-0.15157552977034802
0.8453252366170505
-0.5790037176501008
0.6858245771482292
-0.19833799679108008
-0.7893203797633087
-0.013589348554798788
-0.3218135788718211
-1.115116168062479
-1.4271805676082323
-0.6067207963893869
0.49557052863002127
-1.3553746014242956
0.5941187055419114
1.9979089933953593
3.289562314292702
0.8188512844670089
0.4182194763411214
-0.8615046472621971
-1.603595524051115
0.420749071822332
1.2195359032061746
-0.3217454202112571
-0.3928035186578802
0.6381130104503071
-0.5967782719184693
0.4977487643369082
-0.27396567009546474
0.21772206382698003
0.17291639346592264
0.8537909388743807
-1.509919391235837
-0.4144994067106904
0.11900383274690092
-0.45036761282299
0.6800854623598155
0.42282695974730794
0.5217105069006319
0.815094160963799
0.22276696525502993
-1.6234557558700873
1.4137551926591614
-1.1562376171841495
0.1829976162774183
-0.5708231740917782
-2.234160433536626
-0.703823269800166
-0.002645858754394861
-0.7591602939283502
1.8678659214835944
-0.931497157606171
1.7560241762630446
0.16114597676511422
0.13186002994179025
-1.7618736188301651
0.07440932096899855
1.1490874825863768
1.8444452063877776
-0.06814596007235063
-0.2855529816399786
-0.32383360867331434
-0.7569733982733836
-1.5252917227769072
0.9406194109525011
-0.1283353449285685
2.790199274947479
0.299690879192032
0.43391385896269685
-0.5318115582124273
-0.9737627436780846
1.1480193313242937
0.22847591974320844
-1.2460837417714832
1.507329625496382
-1.021479631055103
-0.16762940667071738
0.588703212255755
-0.5166944284052989
0.03323244032509079
0.8117880774545135
-0.6440381977915992
0.2135608797972856
1.012304386515511
-1.3972922310190048
0.9366831054841058
-1.6915464842026542
-0.982575876638967
0.17646634818201104
-0.6173688794071294
1.1783084683656853
0.03195813568749514
-2.324786371474319
-0.037064659673820145
2.77881125201685
-0.14774995895588797
1.6287679687641468
1.963072434331862
0.7590384563801492
0.16093395857841594
-2.510616046223747
1.1762848650596032
-1.0967791257786097
-0.03691408214116228
0.8909666599123383
0.2628658786639408
0.6039825485006867
-0.5242215928977288
1.2366604979650349
-0.8794502105227611
-0.1209889423955164
0.09965613621883908
-1.1768686504324914
-1.439620118666588
-0.21700552249298108
1.0279667387315448
-1.2079052020332381
0.9088666513402488
1.1771230289899692
2.0153059724378886
0.27588094583117584
-0.09346974083181697
-0.07605373831159828
-0.19061835348259484
-1.8424180300912254
-1.2487373946643887
-0.21751481371517592
1.066934936490589
-1.68592018050563
0.8694849415483437
0.324664935214274
0.16968576020436668
0.40663356114286553
0.5071063490659293
0.3134986020024521
-0.41754178435971706
-1.3976057544265457
-0.6959707892102185
-0.1561224431869142
0.2871493916484122
1.1209942526774705
-0.954004595847365
-0.5432984678015811
-1.071680603597217
3.3011298243485414
-0.5952494175304124
-0.5486910115966829
-2.6097431201362213
-0.5099553857845509
0.13890816360509725
-0.23576117822598755
-0.2401332641245887
0.991964642396603
-0.33307520031783167
-0.4969618348955232
-1.0743967580865748
1.7505657651778506
-0.7576496273722271
0.09184703100843303
0.6525891213202498
1.1060916343425482
-1.7823076233731912
-0.5177382562782663
0.36211922184891027
0.8891547779660806
1.5910158417242075
-0.4233878934965529
-0.5728312766146202
-0.6379096729796476
-0.03821225240178401
-1.2287338268453245
1.4498465422556333
0.0639934748187803
1.058873494619646
0.2043642067722069
0.06090926961307016
-1.7949953537727494
-0.6169034446071893
-1.0559018975346832
1.3734990309824655
-0.972536178561883
1.2890216304678725
-0.08665280192854384
-0.22683445213146164
0.2875051128493974
-0.9396932664062128
-1.0380878693757207
-1.7655683743185238
