-0.4043016712753812
0.7602190371493307
-0.3995066384263008
-2.103786123766246
-2.120720659864716
-1.7334170773693107
0.9503787758087521
0.17666551045844134
-0.19952795003419813
-0.9063545163288946
0.9142964329945945
0.5386343103894733
-0.11176796455428012
0.5740767500624667
-0.3960574147959923
0.7545008920001066
0.1885283260171785
1.3928169278787765
0.36847027730464793
-0.7094265685516042
1.1470392890717047
-0.9376289659195888
0.0648515256675124
-0.5208993892415433
-1.8871805282738814
0.6798665388342976
-0.048084929497629623
0.0951680311708759
1.010968404851692
-0.4402664090439447
-0.05561265142267939
-0.8132221058049932
1.961110982669443
1.6526753243177454
1.4766577214157806
1.9248354619969807
-0.7968527852269885
0.9230265882244021
1.565980765959382
1.473459394374057
-1.3735431494508088
0.35629107062855925
0.419417869807787
2.357764024627852
-0.4672571775480165
-1.0864790104403206
1.4483904396790512
1.2777007529311313
1.072783770198929
0.5955054411692332
-0.6393011066775949
0.2561208212928047
-0.6066266067507107
0.1730875793242653
0.520952388272299
-0.2591626077006428
-0.25295470294779643
0.2654593293037775
-0.011490975236601171
0.6786498643392819
1.998795859081691
-0.46199848999736937
1.2161853964059388
-1.0071252055983626
-0.5931832602202176
-0.8826640952112879
-0.5739156361416161
-0.10068665590636838
-1.2310621647676003
0.7853101020486669
0.7332334520466571
-2.556421818306419
-1.0573812235189592
1.4334650955480879
0.21948221976937754
-0.5423389151329451
-0.8752684158559692
-1.4917959715107334
0.4392422099211154
0.2887767186830296
-0.35892074555755227
-0.5907736645599738
0.6711108845831133
0.07511954736158988
0.4539021707041504
-0.8576016845598734
0.5447024389138375
0.33201074676895065
-0.6583957435840689
1.520542093139536
0.15024624453184088
1.7719278911346563
-0.12325825519021526
-0.6139899586384756
0.16636890654223116
-2.037980465296496
0.9306484531316607
0.10376068072014138
1.155381163703987
1.7488009358479457
-0.2849341606459453
-0.8327566970919138
-2.156196658446615
0.6508363313159239
0.8326156417375429
0.3892224641061499
-1.3803676355252383
-1.1117518500926593
-0.6904121909753888
-0.3147819202853011
-0.07677740894062231
-0.7698099384851679
-1.0820738115799209
-0.1052549620960023
-2.4595278586051372
-0.5303882901765751
-0.5466336818169126
0.024845801972589766
0.36844427011220593
0.002135297521565442
-0.5204018677003126
0.18335539471780224
0.9924870558929553
1.335662591714795
-1.03788930383599
-1.1924419489637363
0.025998927454418296
-0.16640639753430056
-1.988901753030728
0.19852144466293403
0.7527307347972199
-0.6212881524765519
-1.392666704784213
-0.2798039276133276
-0.23036606030440945
0.5248445557829754
-0.2952692187871541
-0.2083748707413423
-0.16113070884727598
0.980814030140592
0.8042279800476837
-2.241749024405428
-0.3232183146053075
-0.569998736010298
1.102315382516886
-0.5476332653815463
-1.467824132115508
0.1681171468481148
-0.15934509445115635
1.4401614487744545
-0.26670887313504354
-1.0473808774931932
-0.18313006958383862
-0.018545055340287716
-1.084381391516769
0.7998786199318599
0.8042055572705509
0.881455036484152
-0.4799755043396166
1.5703502826825377
-1.141994250002236
-0.9016232758642732
-0.7311066686370615
1.2060069619901381
-0.8709950963201504
1.2039027864489844
-0.5089356966270626
-0.4618608683116865
-0.5621421413983084
0.5751025752158327
0.47595140532566294
0.02945068316636469
0.5146035527377796
-0.3606841927435974
0.8302506014978517
0.42184579571191155
-0.14984552696836595
-1.1626876820225203
1.7321376761586897
-1.1275415879466688
1.2266952429204498
-2.7563163350942554
1.4505547779944346
-0.11068010408984154
0.3038898952970947
-0.235213592021561
1.629705636072597
-1.9743611117595534
1.4684343812829617
1.154164672097103
0.6044410325837897
0.296229704605246
0.6954104143122959
-0.5291235780511935
-0.6655907224962007
-0.9893186871483826
-0.4346060109543147
0.614929690224186
0.10344525612056375
-1.2133267200203277
-0.6478428758882173
-0.05007132556238243
0.10872715607502234
-1.227165704217786
0.5152318918002632
-0.8626483181724243
-0.48226719050416644
-1.6699423780587253
-0.26926312311190204
-0.38572031489888364
-0.11111706423149018
0.16270501794280667
-1.012618982955044
-0.004959397751231171
-0.8969146023582304
1.4335566911968494
-0.07502620311170007
0.2588515170351263
-1.7133016404514163
0.45470147125373694
0.5463725324162715
0.7882301366860591
-1.758545512747511
-0.8085682883543749
-0.3283031054698614
0.1223629624041759
1.637336781675172
0.6105025655770842
-1.13709412271691
0.07243567385664382
0.14212991643273537
1.0563729363151464
-0.9120827000872362
2.3441472844403157
-0.023709312834135975
-0.39333429727769287
-0.4708909483106973
-1.1159947912167458
-0.44571943067101255
-0.15510211119429973
0.41212119095266947
1.4096938337280058
0.747820298320292
0.2738632176676065
-0.7457228670951296
-0.11850617953963227
0.4835523885507406
-0.8591676310822588
0.08929817842551165
-0.11390633670204618
0.13139157519308614
-0.4390477995388893
0.938177596873365
-0.32836952569240085
-0.1476372096790491
0.478214757889738
0.028144218654403978
0.07122314534460525
0.832754088488702
-0.3924205816704582
2.0695548804376402
1.015467355445493
-0.03337728976787623
0.3338928633186193
-1.2444181913759917
-0.5029418798330079
1.6609822366682232
-0.8616937701545118
0.7580942028612666
-0.9926552940509241
1.0247664703327424
-0.28662837248902967
-0.23430039782716688
-0.8478803369985486
-0.6154680358137602
-0.45166251044684225
1.7317251909363551
-0.1388642595393031
-0.2586518358751887
0.1391630472716172
-0.28657125907148284
2.2319527474957077
0.08189241304656686
0.8353662332368764
0.2946511343460989
-0.11282700535714939
-0.08860339453254217
0.9278171399300766
1.8618803706053115
1.747491722954479
0.4954988299871592
0.8232260701923902
-0.3610822130864164
-0.8171554803327677
0.25580822031327616
1.549572664994928
0.6317474435776204
-3.720859178990689
0.9098022921932596
0.8229859469015504
-0.7207720716343577
1.1818509018088625
-0.31465480672177415
-1.3307760098409374
-0.5132862293009113
0.3908827583275027
-1.4277415261552182
1.0056241345831762
-1.3164414496431107
0.6144036089177488
1.2081890336835843
0.44492853645740754
-0.559485783377209
-2.556389318355549
-0.22485248470080985
-0.14814567024950823
-0.3237062733586799
-1.5201902014056106
0.6209537601644345
0.18284037397124198
0.7414674096309115
-1.548475506566468
-1.4501172902917179
-0.7007115931556095
-0.35567341480133025
0.9699623571731004
0.508864750346705
0.3717105992199491
-2.0274671921623453
0.8063092073681476
1.5204625079071517
-1.7834569331601315
0.9468910634429358
-0.07578578879832995
-0.2785749002617043
-0.7521247759862318
0.6958021104925189
1.245455638526686
1.8382592620194211
0.5307959955936402
1.0023232979898358
-0.6090184297105397
0.9635709444136071
1.3170291444506828
0.7125711357782593
-0.2470764781309036
0.3333781869640357
1.9049219405316409
-0.7973331858830489
-0.5106360653296412
-0.17619501754046524
0.618554463691404
0.36567475180440784
-1.4312124099883936
0.7077852621606435
-0.09558510787080068
0.6723297241117497
1.0602243806669014
-0.6718705367983355
-0.1069351464849013
-1.6190678966146763
-0.12138686566389452
-0.47195566161683095
0.9664931525737722
-0.5298049990914685
1.4830194378285262
-1.6051387657564549
0.5879554707638738
-0.37253280304491326
0.10324591608332385
-0.9766887235682806
1.3044130715697009
-0.23984886451252246
-0.523364626067474
1.3185725837233482
1.3556909882111743
-0.23100474769603843
1.2158986863893002
-0.25468683316497637
-0.04875038438206997
1.4439302059117132
0.7490742873996898
1.0445269505448502
2.3126568702197354
-1.041091878182026
-1.7882132678316616
-0.7967164327893053
-0.8884673768472694
0.17539533134881902
1.4364213690225365
-1.0253929452348471
-0.01391028380398417
-1.180342280388334
0.6571538936859481
1.008948538468125
-1.3339640346546282
0.26972762072559525
-0.5014505297322688
-2.699201842046136
-0.4626606390595617
0.562964222064591
0.9190321257432351
0.36501768574836174
0.0716632636050123
2.5973834138545566
-0.3225967639049652
-0.9295007366053775
-1.438272476639891
1.3667947661587982
-1.1347887632863785
0.3080118427438999
0.5217124946058884
-0.4629516031670637
-0.5883878090084045
-0.5821184515775472
0.690232653608592
-0.5218977926554399
-0.2051516054605909
-1.4367392620555912
-0.19214521660303321
-1.267415597017829
-0.44465860558504217
0.26500475100549253
1.6141913570646609
1.430007137664296
0.4982635172145456
-0.4536514350024673
1.2231889052859877
0.8534734861571746
0.20169062202300742
0.5432579954507255
0.19192940321412566
-0.979012744768563
-2.124521223098678
-0.04844864346306526
-0.44335224526387496
-0.24017670487500029
1.1393289174452377
-1.2880858719554864
0.5650639309988442
0.7593194648083914
1.0312132629724182
-0.7072256455976086
-0.7080755371899048
-1.7765526546750534
-0.2853498646433919
-1.3804004841463913
2.5555132315173
-0.16318946317086025
0.8373047262766335
-2.041199658584763
0.13421896574154973
-0.755883961745007
-1.199079393164078
1.5272798120414777
-1.155215456846352
-0.6517702095737258
0.20206216023591267
-0.8815536346078844
-0.47374917192308474
-2.0287652369001035
-0.9815337453463658
0.6484204848724494
0.2813927227210078
0.0029114578713359766
0.0231975508664634
1.3047259832080471
0.35068832815614315
-0.2176736526779082
-0.9463649086192741
-0.05416914140527985
-0.21932331171128855
0.7408262241035877
0.4986825490527362
1.0501088624912978
-0.5276096255251298
0.07101834328911838
0.5180599784726966
-0.5752907782670021
-0.44700324040235734
0.49790461752022985
1.0145019202468653
0.29486428042013163
1.9863274279276304
1.3875069882731712
-1.1583846305372218
-0.6270674945743894
-0.30111277454934493
0.4907814554384921
0.12506102162112112
1.1243744053568723
0.15961025898122327
0.2337896781176837
-0.8697708670512995
-1.3073396082613358
-0.9062780424213357
0.5047837049423836
-1.5101052635674341
0.013094843536128999
0.1269368690644809
-0.8754775500082579
2.310345593269786
2.3406245318918057
-1.719128104150517
-0.6483715220045598
0.7653666373906289
-0.9083198852542975
-1.9145770091361254
-0.03362661696743769
-0.20315651958178307
-0.2755614995536094
0.7649868809066119
