1.5502095788236103
0.6452172150950052
0.47035738551193945
-0.11612132710498405
-0.5570030182375587
-0.2532411072188404
-0.2958024647286267
2.1623493262294815
0.6816440814625121
-1.3320753051738026
-1.2201570936456483
0.8543113012911844
-0.9788425832085644
0.09991757221203665
-1.4444341621206762
0.10361385650217848
0.7448669827644737
-0.07005964674857516
-0.5040311702088697
-0.1369036984115879
-1.469993175195302
1.6374324885020242
0.9493308885398064
-0.716651412188024
1.0527214323317742
1.4546688323368597
0.6849080172509678
0.04951085756164302
1.171025532067856
0.7310750409299107
1.4019592746040672
0.8633571218309795
-1.0057154640511057
0.01355945292068496
0.16755338764554478
0.3446069724706528
0.009479576909096914
-0.3435134962982254
-1.6431511260584952
-0.23221254237204322
-0.5435320875959601
0.045399398671009054
-1.6949104448538135
-1.687911750880186
-0.585122974843685
-0.41598719151641245
-0.7976988385856832
-0.56782806725841
0.361926314632806
0.5982320819649894
-0.9458693741856894
0.8123091021228485
-0.5159889381510291
-1.7442985255447543
1.0269273793426652
-1.1547400654994957
0.6208298310069185
0.20326487783367084
-0.23887504821403316
-0.049989765495912844
-1.1939311091109377
-0.2971040483971527
-1.2557007491399386
0.8660702685862943
1.0829462428235492
-0.1667488429911917
1.390029455919687
-0.1348669283320406
0.1856992060980016
0.4251335937829078
0.2826824203690637
-0.26764704369322817
0.2528867555166491
-0.5184863757310645
-0.5870750281455979
0.05800657897470932
0.8057419754130999
1.8583492140191271
-2.1203478792051964
0.6118327953573164
-0.16715874650588283
0.02099819257510424
-1.2121132939461912
-0.17738934643809084
0.11733531211665768
0.5206922485476589
1.3434736781138217
0.6467065043622193
-0.4517950785635051
-1.6165554487251443
0.462571285686105
-0.4289319608529494
0.06665405915576605
0.290075089969532
-1.0643334098925497
0.9260863573196797
-0.009637868421951943
-0.6546979724445897
-1.4465614822875228
1.2395562796680504
0.31558510475804863
0.10289041696211587
1.6282808905474584
0.5727141731590671
-1.2840274234465041
1.216982329230264
0.5196391134467162
1.5515461838476463
0.6501481965928951
-0.05632570892049674
-0.593048411572179
-1.0803139161660458
-0.8181362426090975
1.0515211018887816
0.19060059697765508
-0.35508204563744156
-0.029186898561258223
1.245867763834411
0.6122334400100717
0.13303635700379207
1.214700294784362
-1.6983442453999629
0.9407621978790665
0.6508930241547525
-0.17000764779648858
-0.0646604923732712
-0.42221702932757454
-0.23502911684423997
-0.8446383918203594
-0.303339213391615
1.1602019598793105
-0.6489765883046935
0.6754215115546524
-1.5664727540703727
1.366471228172696
0.4294100232033573
0.8463002406270498
0.25189832746940816
0.30140131110483137
0.13088706964340083
1.1824945799932283
0.5865409132069359
1.1374343962218292
2.284586668025426
-0.5114534297804437
0.3132567534518311
1.4088659178520384
-1.8772694447708638
-0.3187921943912787
0.6860671990082794
0.6383578359142166
-1.941341385449143
-1.1635818578803683
-1.6785380195992297
0.3143902937824528
0.6545600777758712
0.5978246589559915
-1.2319626723867836
0.2803836260719631
-0.8599770218013185
0.39246303495559426
-0.22593339702706813
0.2940597922209758
1.1123242909115425
0.29611593851447887
-0.5534835132585336
1.3043256081729568
0.18412301853004998
-1.5398818066284632
0.1457987210320666
1.0315226297561704
-0.8924360954068402
0.965824651561352
1.2175625630952631
1.7874029989010312
1.6922176574897339
-0.8013328064329592
-0.6937340762469395
1.439033584036625
0.7519209683808042
-0.3830728200974581
-0.4359967032589268
-0.6291810654558667
-1.6507650203275317
-0.8864177651905658
-0.5000956506637644
0.8190746063526628
0.5471546884588943
0.9183230737072645
0.8595848629203124
-0.47412608176156823
-1.0158565552621839
-0.9715699810267089
-1.1459623454126742
-1.9073072626134169
-0.2901195475590651
-0.06750388209653432
-0.8610689238680953
-0.6169671067178792
0.030930559051705
-1.5507176415210184
-0.006734560587102193
-0.6246274142032413
0.17479256290089212
0.7825867703614112
-1.660612348266793
-1.469443825734517
-1.188563335092614
1.8256611978314896
-1.0856487540860218
0.021611026968541093
-1.807567768914953
-1.0968962042804924
-0.0907851494702932
-0.31329470865037207
-0.11935250248458501
0.7240750449091997
0.488501946736283
-0.855738408058345
-1.2295657014110368
1.574044667364708
-0.0842374300714559
-0.36165682311520864
-0.16252220193695266
-0.23811150732245737
-1.4059640307789139
0.6317695184560722
0.46147820672839773
-0.9781863254332772
-0.5423720528114171
-2.2476467682559877
0.5435890546321923
0.5928649871773931
-0.23761845639642643
1.5415996580623
0.15595516293878778
0.5712301711546861
0.22767812520727154
0.12313357771097815
-0.44358929386308116
-2.5069215308979333
1.0361998928582006
-0.1483836519489031
0.19116867450512814
-1.2827720381061385
-0.7435879587957342
1.2050782327675755
-0.37641922811469813
-0.5943409974661069
-0.7173775007298259
0.49874846836917647
-0.3474940054840999
0.8235223204897469
0.18296531943547703
-0.2153796919878139
-0.2523770092719202
-1.7713421279647072
-0.9485867271998794
-0.026725438638051744
1.4846766188131275
0.6392872032361556
1.578120893731726
-1.794015399006219
-0.017012249691895284
-1.0590992045080574
-0.2262794595776337
0.6563320113502792
-0.5906448696645407
0.3767496455468635
-0.2401823882781085
-1.5026429589652321
-0.9841079105309397
-0.2510869627255042
0.23512543701910835
-2.087579462246531
-1.237164632069104
-0.313746435271445
-0.3254237880200203
-1.0297896410433436
0.3949527507550109
0.6368686855205956
0.6891719215783279
-0.574912381175015
-1.7873532846676914
-0.3981072256067437
0.7677270837061075
0.009004556058023135
-1.7020072837772549
-0.812568726289802
1.1449159350301683
-1.206207532081011
0.9429847851950357
-0.2644316214011231
0.41451498733014647
-1.006246164397551
1.2229794506037714
-0.18241925666418632
-3.194193567055998
-0.5019099679477863
0.771504142863312
-0.5421428845972773
1.3030811573596497
-0.24721308328596225
-0.32442033463392295
-0.5131952738293476
0.08240537040928923
-1.246162873481301
0.32760411221545405
-1.4295597906763147
1.7644498886100606
-0.5905644316278803
0.5594297328480954
0.7017471502375714
0.061062192549318106
0.42964587890527184
0.1718347609809763
-0.18341061414223492
0.7052487297451796
-0.2960840833181131
-0.18976850148234256
0.21437327033355594
0.3590727827740747
-0.0053757744333351
-0.43335556703303924
-1.3708176352860468
-0.764817768345907
-0.06947446856734767
-1.6943424872940152
-0.9266398338335463
0.6872047450562955
0.7713177591077557
0.6296234535032245
-1.8542000326763066
-0.9874369068961046
-0.9043225783282282
-0.20733430911815448
0.343547602798448
-0.48435298431568213
-1.4398102541022655
-0.49471845747482934
0.6461210556006743
-0.8617291420892991
0.05030925921598555
0.8574104287070925
-0.20110965480983936
-2.285994644936247
0.9505726990695166
-0.413153105518376
-0.7353779859692292
-3.112798471201411
0.7343431643364982
-0.20183976145394572
-0.6399230445842226
0.43702845671870794
0.2529521786334008
0.08407058002421683
2.5577189350855045
-1.0137464383544124
-0.45340581031340915
0.677378312659189
0.35097612169015424
0.9614955481669947
-1.109151524456508
0.0896070347892794
1.1812555858176905
0.6646748228291066
0.760607681480189
1.364438128781081
1.2643654020551198
0.04542630652009567
1.2284299960699097
-0.3412886866662851
-0.15997851500735344
1.3470569297925674
-0.06363198936549119
-0.6354695074653429
0.5815677357261948
-1.42397109266116
0.008580181967366578
0.22986762300760621
-0.3807411769968545
-1.8159578989854797
-0.7678016457915924
0.009233945383898516
0.49323734114545215
1.3170363241008693
-0.33249056569718666
0.24125084665784607
-0.14999575066498064
0.9742314735701577
-1.110670979536449
-0.1688672883972503
-0.3484391943547862
0.4376030838144965
1.2722240323460665
-1.3348419454462606
-1.1707074297052955
2.166466314643476
0.7936515483445973
-2.2009862228353905
0.7204676721526039
0.04089486070536635
1.0237469196018383
0.6815069769826162
-1.0293030492604343
1.3994799217932892
0.2405250391883333
-0.6439704400480927
0.3526188766922771
-0.7620497400494257
0.27896980248503706
-0.7370637221793357
-0.10749148453920297
0.3545856317440734
1.2974613629662306
-0.6114489194771184
0.7300256703897653
-0.9395777041105786
-0.8370193179784223
1.3961837880114545
-0.8507558934572997
0.5814531648714232
-0.18760360683105817
1.014965596771928
-0.10274225545136408
-1.4545392899095928
-0.6010201316286928
-0.5580065182558233
0.22479205237016647
-0.39001156545131777
1.1298895840140053
0.27659447203253695
0.755706839582148
0.9295322778234412
0.5632082561229501
1.2492590028995918
-0.20501701186738536
-0.31345268776056545
0.5820314679318738
0.5458328205870832
1.7974306304143066
0.7925945083150228
-0.22755890885339683
1.0029409501602866
0.6267186155218264
0.7143368561115551
0.42836072829755295
-0.26265132232831756
1.0546215031785768
-1.0481271932078955
-0.5552223211714898
0.4174018176313066
-1.4444529824320576
1.9335569961762333
0.0896887847948684
0.20119427370419649
-0.24340452840643506
0.5439698096679622
1.4788694908069813
-0.5660694104001606
-1.739245722157281
-1.5845497211480557
-1.0227906088835437
-1.1615903769204503
0.37143572670647845
-0.602087122718621
-0.950668019998595
-0.9165964910554845
-0.9149903173263889
0.7940551594252077
-1.361506440817601
-0.0684767222167578
-0.03912514999100007
0.5876669750078944
1.2048220283005686
0.862302024261208
-0.09611806909095527
-0.6649040635803223
1.2887968047578395
-0.356911086815803
-0.21373192356080506
0.1349913529919368
1.3755051035726469
-0.5976086812701312
0.48385157389137995
-1.0098855355235028
-1.127988173668373
-1.3867494650593442
2.751606275881203
3.3903343596348763
-1.0544570166553013
-0.011148754672427512
0.48915199569599915
0.8216537539776043
-0.6636009822532404
-0.3275863199348384
0.5204273039973167
-0.7760669944162004
0.053018680394300195
0.6125323541955838
-0.6125552730902731
0.6765882249913097
0.45130181677177333
-0.03135998520765585
1.9942425252146851
-0.47612390646179936
1.1770277278202688
1.0940035943246058
-1.2313531774211333
-0.40589282860908077
-0.17248441099933362
0.35221014210124685
